45.0     100.0
62.0     200.0
85.0     400.0
100.0    500.0
115.0    600.0
140.0    800.0
168.0    1000.0
192.0    1200.0
220.0    1400.0
245.0    1600.0
252.0    1650.0
261.0    1700.0
270.0    1750.0
280.0    1800.0
285.0    1850.0
292.0    1900.0
300.0    1950.0
307.0    1970.0
29.67     50.17
43.13     200.68
79.95     404.07
104.67     602.03
125.82     800.00
148.35     999.32
156.04     1046.78
159.34     1101.02
165.11     1151.19
170.33     1201.36
174.45     1248.81
181.87     1297.63
185.71     1351.86
190.11     1400.68
193.96     1450.85
198.08     1498.31
203.02     1545.76
209.62     1594.58
215.11     1650.17
221.15     1698.98
226.10     1747.80
231.32     1797.97
243.68     1845.42
264.29     1899.66
